0	cc122	24	19	Claire
1	ab120	25	22	Ali
2	ld105	26	19	Linh
3	fm102	34	28	Flora
4	ak111	36	30	Anjali
5	sx103	38	32	Sophia
6	ir101	40	35	Indira
7	jc103	42	39	Vaishu
8	yp101	45	39	Yuneydy
9	st107	46	41	Sophie
10	ac135	49	42	Ashley Cong
11	am124	50	45	Ariel
12	da108	53	49	Daisy
13	ns103	57	53	Nicole
14	mh115	62	56	Maddie
15	sk112	62	56	Sana
16	we100	62	55	Winnie
17	es118	64	53	Chloe
18	fx100	64	55	Fangzhong
19	hc107	71	59	Hannah
20	jm117	72	67	Jasmine
21	mn109	77	68	Mukhlisa
22	ml112	78	67	Maya
23	if102	85	77	Bella
24	ay106	98	90	Ashley You
25	dk103	102	89	Diya
26	ky107	104	96	Kathy
27	mb110	106	94	Makana
X	  0 |  1 |  2 |  3 |  4 |  5 |  6 |  7 |  8 |  9 | 10 | 11 | 12 | 13 | 14 | 15 | 16 | 17 | 18 | 19 | 20 | 21 | 22 | 23 | 24 | 25 | 26 | 27 |
0	 19 |  1 |  0 |  2 |  0 |  6 |  2 |  9 |  3 |  4 |  2 | 10 | 12 |  7 | 13 | 13 | 12 | 14 |  3 |  9 | 12 |  8 |  6 | 13 | 19 | 10 | 19 |  7 |
1	  1 | 22 |  0 |  4 |  7 |  7 |  4 |  4 |  4 |  9 | 11 |  7 |  4 | 19 |  3 | 14 |  7 | 11 |  8 |  9 | 16 |  7 |  6 | 14 | 12 | 16 |  4 |  8 |
2	  0 |  0 | 19 |  7 |  0 |  8 |  4 |  0 |  0 |  5 |  2 |  4 |  6 |  3 |  1 |  5 |  4 |  7 |  8 | 12 |  8 |  7 |  4 |  9 |  4 |  8 |  8 |  9 |
3	  2 |  4 |  7 | 28 |  0 | 11 |  6 |  1 | 10 | 13 | 14 |  3 |  8 | 11 |  4 |  5 |  6 | 21 | 12 | 16 | 17 | 16 | 14 | 20 |  6 | 20 |  9 | 16 |
4	  0 |  7 |  0 |  0 | 30 |  0 |  9 |  8 |  1 |  2 |  7 |  6 |  0 | 10 | 12 | 12 |  5 |  5 |  6 |  8 | 14 |  8 | 11 |  6 | 13 | 11 | 10 | 11 |
5	  6 |  7 |  8 | 11 |  0 | 32 |  0 |  8 |  5 | 10 | 11 |  5 | 21 |  8 | 13 |  9 | 10 | 14 | 16 |  9 | 17 | 12 | 17 | 22 | 20 | 17 | 19 | 13 |
6	  2 |  4 |  4 |  6 |  9 |  0 | 35 |  0 | 10 |  2 | 12 |  0 |  8 |  3 |  2 | 17 |  8 |  9 |  5 | 14 | 13 | 22 |  7 | 10 | 11 | 11 | 13 | 13 |
7	  9 |  4 |  0 |  1 |  8 |  8 |  0 | 39 | 11 |  0 |  9 | 15 | 10 |  8 | 29 | 17 | 26 | 10 |  5 |  7 | 18 | 23 | 22 |  9 | 38 | 27 | 30 | 18 |
8	  3 |  4 |  0 | 10 |  1 |  5 | 10 | 11 | 39 |  8 | 13 |  7 | 14 | 10 | 14 | 12 | 17 |  7 | 10 |  5 |  7 | 27 | 21 | 23 | 30 | 22 | 29 | 20 |
9	  4 |  9 |  5 | 13 |  2 | 10 |  2 |  0 |  8 | 41 |  9 |  7 |  2 | 25 |  1 |  6 | 13 | 24 | 26 | 19 | 20 | 14 | 16 | 23 | 12 | 22 | 20 | 15 |
10	  2 | 11 |  2 | 14 |  7 | 11 | 12 |  9 | 13 |  9 | 42 |  3 | 13 | 17 | 16 |  7 | 16 | 15 | 15 | 14 | 27 | 20 | 27 | 20 | 24 | 29 | 15 |  9 |
11	 10 |  7 |  4 |  3 |  6 |  5 |  0 | 15 |  7 |  7 |  3 | 45 | 18 | 16 | 12 | 19 | 11 | 17 | 11 | 15 | 20 |  7 |  7 | 27 | 24 | 23 | 23 | 27 |
12	 12 |  4 |  6 |  8 |  0 | 21 |  8 | 10 | 14 |  2 | 13 | 18 | 49 |  2 | 24 | 15 | 20 | 17 | 21 | 13 | 26 | 16 | 19 | 41 | 37 | 26 | 35 | 29 |
13	  7 | 19 |  3 | 11 | 10 |  8 |  3 |  8 | 10 | 25 | 17 | 16 |  2 | 53 |  8 | 24 | 14 | 23 | 19 | 32 | 22 | 17 | 25 | 30 | 32 | 29 | 23 | 19 |
14	 13 |  3 |  1 |  4 | 12 | 13 |  2 | 29 | 14 |  1 | 16 | 12 | 24 |  8 | 56 | 15 | 24 | 17 | 12 |  9 | 26 | 22 | 30 | 23 | 50 | 30 | 39 | 31 |
15	 13 | 14 |  5 |  5 | 12 |  9 | 17 | 17 | 12 |  6 |  7 | 19 | 15 | 24 | 15 | 56 | 22 | 23 |  3 | 25 | 18 | 33 |  8 | 23 | 36 | 26 | 33 | 21 |
16	 12 |  7 |  4 |  6 |  5 | 10 |  8 | 26 | 17 | 13 | 16 | 11 | 20 | 14 | 24 | 22 | 55 | 19 | 19 | 19 | 24 | 32 | 31 | 31 | 44 | 33 | 38 | 27 |
17	 14 | 11 |  7 | 21 |  5 | 14 |  9 | 10 |  7 | 24 | 15 | 17 | 17 | 23 | 17 | 23 | 19 | 53 | 21 | 26 | 36 | 27 | 17 | 33 | 27 | 36 | 31 | 22 |
18	  3 |  8 |  8 | 12 |  6 | 16 |  5 |  5 | 10 | 26 | 15 | 11 | 21 | 19 | 12 |  3 | 19 | 21 | 55 | 17 | 26 | 15 | 33 | 39 | 26 | 33 | 26 | 22 |
19	  9 |  9 | 12 | 16 |  8 |  9 | 14 |  7 |  5 | 19 | 14 | 15 | 13 | 32 |  9 | 25 | 19 | 26 | 17 | 59 | 35 | 23 | 19 | 32 | 28 | 20 | 28 | 36 |
20	 12 | 16 |  8 | 17 | 14 | 17 | 13 | 18 |  7 | 20 | 27 | 20 | 26 | 22 | 26 | 18 | 24 | 36 | 26 | 35 | 67 | 23 | 23 | 36 | 37 | 40 | 32 | 26 |
21	  8 |  7 |  7 | 16 |  8 | 12 | 22 | 23 | 27 | 14 | 20 |  7 | 16 | 17 | 22 | 33 | 32 | 27 | 15 | 23 | 23 | 68 | 28 | 25 | 42 | 40 | 41 | 26 |
22	  6 |  6 |  4 | 14 | 11 | 17 |  7 | 22 | 21 | 16 | 27 |  7 | 19 | 25 | 30 |  8 | 31 | 17 | 33 | 19 | 23 | 28 | 67 | 41 | 46 | 37 | 35 | 32 |
23	 13 | 14 |  9 | 20 |  6 | 22 | 10 |  9 | 23 | 23 | 20 | 27 | 41 | 30 | 23 | 23 | 31 | 33 | 39 | 32 | 36 | 25 | 41 | 77 | 46 | 39 | 46 | 47 |
24	 19 | 12 |  4 |  6 | 13 | 20 | 11 | 38 | 30 | 12 | 24 | 24 | 37 | 32 | 50 | 36 | 44 | 27 | 26 | 28 | 37 | 42 | 46 | 46 | 90 | 46 | 66 | 39 |
25	 10 | 16 |  8 | 20 | 11 | 17 | 11 | 27 | 22 | 22 | 29 | 23 | 26 | 29 | 30 | 26 | 33 | 36 | 33 | 20 | 40 | 40 | 37 | 39 | 46 | 89 | 50 | 34 |
26	 19 |  4 |  8 |  9 | 10 | 19 | 13 | 30 | 29 | 20 | 15 | 23 | 35 | 23 | 39 | 33 | 38 | 31 | 26 | 28 | 32 | 41 | 35 | 46 | 66 | 50 | 96 | 46 |
27	  7 |  8 |  9 | 16 | 11 | 13 | 13 | 18 | 20 | 15 |  9 | 27 | 29 | 19 | 31 | 21 | 27 | 22 | 22 | 36 | 26 | 26 | 32 | 47 | 39 | 34 | 46 | 94 |
12	Claire with Daisy
11	Ali with Ashley Cong
12	Linh with Hannah
13	Flora with Sophie
12	Anjali with Maddie
10	Sophia with Winnie
10	Indira with Yuneydy
15	Vaishu with Ariel
24	Nicole with Sana
21	Chloe with Fangzhong
23	Jasmine with Mukhlisa
41	Maya with Bella
46	Ashley You with Diya
46	Kathy with Makana
schedule score: 306
